766626135
-380399993
749028516
-542576718
-1844796581
1385162711
86760297
506511552
-1476523237
2051072573
758581466
-1849773959
1662964998
-1193597703
1403372045
1322215232
1495787315
-530905743
646892701
-1517594007
-1045052506
1059946016
524360839
-1736860076
-1416105263
591208654
1347529812
-2117777986
1752175198
681539585
434910077
967369299
1584172075
1983024051
-334602486
1840839302
-1874249323
-1287553724
514551931
-620787547
-1918863623
-1488818511
-818911508
-2123901145
893086584
925837574
1874794099
-14987704
-658994951
-1508035055
-1191652916
862258903
1087080563
1741775191
1368885816
1270560334
-1412798868
1867895884
966691233
-1390557
-915463236
542720445
-1210438910
626178141
-1762767210
194040976
-1309133563
-639499415
-1040279608
2076038576
1610136301
1600405293
1349384257
-577553086
-1118722123
-1277808291
-391828780
-137977060
-484616327
-180553970
1984069178
760955510
693035797
1947177352
-2130623651
166528226
-9633269
-672404385
1672698835
-1179858823
2046731946
340635844
1768336552
-601991850
-1763526549
-544310760
2015918432
482063944
-629239651
-2099494975
