-2130623651
-2123901145
-2117777986
-2099494975
-1918863623
-1874249323
-1849773959
-1844796581
-1763526549
-1762767210
-1736860076
-1517594007
-1508035055
-1488818511
-1476523237
-1416105263
-1412798868
-1309133563
-1287553724
-1277808291
-1210438910
-1193597703
-1191652916
-1179858823
-1118722123
-1045052506
-1040279608
-915463236
-818911508
-672404385
-658994951
-639499415
-629239651
-620787547
-601991850
-577553086
-544310760
-542576718
-530905743
-484616327
-391828780
-380399993
-334602486
-180553970
-137977060
-14987704
-9633269
-1390557
86760297
166528226
194040976
340635844
434910077
482063944
506511552
514551931
524360839
542720445
591208654
626178141
646892701
681539585
693035797
749028516
758581466
760955510
766626135
862258903
893086584
925837574
966691233
967369299
1059946016
1087080563
1270560334
1322215232
1347529812
1349384257
1368885816
1385162711
1403372045
1495787315
1584172075
1600405293
1610136301
1662964998
1672698835
1741775191
1752175198
1768336552
1840839302
1867895884
1874794099
1947177352
1983024051
1984069178
2015918432
2046731946
2051072573
2076038576
